BrickHenge,3306,3322,7961,7977
StonePlantMound,3264,3269,8068,8073
StonePlantBoulder,3306,3316,8117,8127
RLCraft_UndergroundFarm,3213,3255,8003,8046
StoneMazePath,3280,3282,7948,7950
StoneMazePath,3277,3279,7948,7950
StoneMazePath,3280,3282,7951,7953
StoneMazePath,3274,3276,7948,7950
StoneMazePath,3277,3279,7945,7947
StoneMazePath,3280,3282,7945,7947
StoneMazePathBig,3259,3267,7942,7950
StoneMazePath,3262,3264,7939,7941
StoneMazePath,3271,3273,7948,7950
StoneMazePath,3277,3279,7951,7953
StoneMazePath,3274,3276,7945,7947
StoneMazePath,3271,3273,7951,7953
StoneMazePath,3274,3276,7951,7953
StoneMazePath,3277,3279,7954,7956
StoneMazePath,3280,3282,7954,7956
StoneMazePath,3274,3276,7942,7944
StoneMazePath,3271,3273,7954,7956
StoneMazePath,3271,3273,7945,7947
StoneMazePath,3262,3264,7951,7953
StoneMazePath,3268,3270,7945,7947
StoneMazePath,3262,3264,7954,7956
StoneMazeEndChest,3277,3279,7957,7959
StoneMazePath,3268,3270,7942,7944
StoneMazePath,3265,3267,7954,7956
StoneMazePath,3268,3270,7939,7941
StoneMazePath,3265,3267,7951,7953
StoneMazePath,3268,3270,7954,7956
StoneMazePath,3280,3282,7957,7959
StoneMazePath,3268,3270,7948,7950
StoneMazePath,3268,3270,7951,7953
StoneMazeEndChest,3259,3261,7954,7956
StoneMazePath,3271,3273,7942,7944
StoneMazeEndChest,3259,3261,7951,7953
StoneMazePath,3271,3273,7939,7941
StoneMazePath,3271,3273,7957,7959
StoneMazePath,3265,3267,7939,7941
StoneMazePath,3268,3270,7936,7938
StoneMazePath,3274,3276,7957,7959
StoneMazePath,3265,3267,7936,7938
StoneMazePath,3259,3261,7939,7941
StoneMazePath,3271,3273,7936,7938
StoneMazePath,3262,3264,7936,7938
StoneMazeEndChest,3262,3264,7957,7959
StoneMazePath,3259,3261,7936,7938
StoneMazePath,3274,3276,7954,7956
StoneMazePath,3274,3276,7936,7938
StoneMazePath,3277,3279,7936,7938
StoneMazePath,3274,3276,7939,7941
StoneMazePath,3277,3279,7939,7941
StoneMazePath,3280,3282,7939,7941
StoneMazeEndChest,3280,3282,7936,7938
StoneMazeSmall,3259,3282,7936,7959
StonePlantBoulder,3218,3228,7917,7927
RLCraft_DecentSpider,3207,3207,7932,7932
RLCraft_UndergroundRuin2,3202,3212,7930,7937
RLCraft_DecentCaveSpider,3167,3167,8025,8025
RLCraft_UndergroundRuin2,3162,3172,8023,8030
RLCraft_DecentSkeleton,3170,3170,8047,8047
RLCraft_UndergroundRuin3,3164,3172,8042,8050
StonePlantMound3,3170,3179,8096,8107
P_Crater,3114,3190,7915,7998
StonePlantMound1,3146,3152,8023,8029
